Date,BB,close,NATR,rsi
2018-04-20,-0.287639035039806,9.989999771118164,4.157409261787035,43.48471503171099
2018-04-23,-0.2689960834368035,10.039999961853027,3.9977423301688617,44.394629469232925
2018-04-24,-0.1381383752233499,10.09000015258789,3.9769600430119825,45.342328515552985
2018-04-25,-0.8910959960335646,9.710000038146973,4.227290185157067,39.7916911897302
2018-04-26,1.0625228902591393,11.039999961853027,4.4100077558719315,58.80135802116908
2018-04-27,0.8474651692648061,11.109999656677246,4.287798967702923,59.52567211595014
2018-04-30,0.4974987283894619,10.880000114440918,4.242954469186366,56.039462433868145
2018-05-01,0.5681537137752636,11.130000114440918,4.095259889291776,58.85987429031287
2018-05-02,0.32436007361933866,10.970000267028809,3.9819188867468895,56.36733901385489
2018-05-03,0.19897059193096897,10.930000305175781,3.8613351153794704,55.73193378005663
2018-05-04,0.43500853450658966,11.279999732971191,3.7402301385205785,59.982666887623196
2018-05-07,1.1026582592773577,11.59000015258789,3.6266940959073257,63.3403608034729
2018-05-08,0.7938207294938353,11.609999656677246,3.521804149379981,63.55283118039495
2018-05-09,0.9058202125240868,11.949999809265137,3.422270642122406,67.04922543742875
2018-05-10,0.8172653779595522,12.130000114440918,3.266103993205835,68.75796071911118
2018-05-11,0.46745651672217886,11.949999809265137,3.3414943567019106,65.12118802818192
2018-05-14,0.6275820792295335,12.229999542236328,3.271236688084255,67.96010873382059
2018-05-15,0.7667026364754306,12.449999809265137,3.1560179522236718,70.02457238194178
2018-05-16,0.9395261255396194,12.819999694824219,3.1413053513489544,73.15718911449966
2018-05-17,0.7148512359932829,12.819999694824219,3.0506459078390047,73.15718911449967
2018-05-18,0.7444320322328666,13.0,3.0352785071616926,74.65180610513985
2018-05-21,0.5718745888165375,12.989999771118164,3.0570884637846274,74.40393880732229
2018-05-22,0.4360547865305262,12.979999542236328,3.0775400067336345,74.13883902133989
2018-05-23,0.5297798659708665,13.100000381469727,2.9842101153171465,75.2771752731438
2018-05-24,0.9070604185615322,13.40999984741211,2.920054654819934,77.9743696251285
2018-05-25,0.9333332741108644,13.539999961853027,2.8753597001117233,79.0086130268503
2018-05-29,0.4416401337231602,13.359999656677246,2.903768260803402,73.8385953429399
2018-05-30,0.9435901798514204,13.819999694824219,2.9115489263723213,77.83098792686971
2018-05-31,0.6012650385035868,13.729999542236328,2.846160437418159,75.40633232052197
2018-06-01,1.0210685558689812,14.399999618530273,2.852238007933834,80.32120533809235
2018-06-04,0.9870907186409615,14.850000381469727,2.847229043316131,82.80649244332587
2018-06-05,0.7386903512414007,14.850000381469727,2.7833456577802997,82.80649244332587
2018-06-06,0.9278848186529126,15.670000076293945,2.8549768846421446,86.42867365643929
2018-06-07,0.3096346807264861,14.890000343322754,3.3271961842356146,71.08733172443792
2018-06-08,0.4538292314789305,15.25,3.4943575205683906,73.43138130417519
2018-06-11,0.6576407940681753,15.729999542236328,3.545347437189233,76.20180423155676
2018-06-12,0.6798516176893153,15.850000381469727,3.5015232448918603,76.8516718106164
2018-06-13,0.869567144502747,16.31999969482422,3.4816569035753044,79.24252537719451
2018-06-14,0.6165601738286492,16.25,3.7787622594810535,77.9511880884277
2018-06-15,0.5641650478349093,16.34000015258789,3.7955219247298846,78.43771618448709
2018-06-18,0.8770126240915828,17.110000610351562,3.8709394710083256,82.0808321162058
2018-06-19,0.45894484228568605,16.690000534057617,4.104310585988115,74.66999256205273
2018-06-20,0.20407864962248198,16.520000457763672,4.178969654568631,71.84256228788233
2018-06-21,-0.8056092524747726,15.649999618530273,4.739733698336179,59.43838333922032
2018-06-22,-0.6129210095458842,15.800000190734863,4.517625353245169,60.69833838306885
2018-06-25,-0.9008825948897109,15.109999656677246,4.982132483658628,52.60370277946177
2018-06-26,-0.4639774733084506,15.5,4.740277702897841,56.16222172249275
2018-06-27,-0.6553795072218692,14.970000267028809,4.939240183903661,50.60204862364823
2018-06-28,-0.32799187032334787,15.3100004196167,4.769177414323028,53.764390125105365
2018-06-29,-0.5067818783142677,14.989999771118164,4.766079505141555,50.48836257623323
2018-07-02,-0.26087543987856726,15.15999984741211,4.583330014052244,52.15622862801833
2018-07-03,-0.41936176008776627,15.0,4.482298483437235,50.4342238315683
2018-07-05,0.747613172923038,15.5,4.258286655623323,55.390861076311396
2018-07-06,1.1679684418597118,16.360000610351562,4.14357627681966,62.362561566064656
2018-07-09,0.9300791569430986,16.610000610351562,4.077818045137441,64.11812274910588
2018-07-10,0.6574376402792541,16.549999237060547,3.947014847905557,63.35432557227206
2018-07-11,0.3490918412256341,16.270000457763672,3.9608396607491243,59.775814358217325
2018-07-12,0.44548478618232135,16.559999465942383,3.837807516764276,62.159804937592355
2018-07-13,0.11975624321957179,16.270000457763672,3.8335379447994984,58.430389701370764
2018-07-16,0.3539578448671801,16.579999923706055,3.807649456351415,61.116047172052276
2018-07-17,0.9548220546698811,16.8700008392334,3.6442572575203234,63.49224658313807
2018-07-18,0.6687553046894333,16.850000381469727,3.574489755072828,63.20537223249535
2018-07-19,0.29749668693321407,16.709999084472656,3.4880398206938756,61.123490848774644
2018-07-20,-0.17661381034442844,16.5,3.470591824268759,58.03556926724778
2018-07-23,0.09579114878554652,16.65999984741211,3.526161989808327,59.70584073550887
2018-07-24,-0.8336747029920476,16.190000534057617,3.700238811841844,53.028856825881086
2018-07-25,-0.9053333293749529,16.049999237060547,3.7640820689135697,51.19236816568847
2018-07-26,1.2000187715299377,18.350000381469727,3.9913422250590593,69.73568744459301
2018-07-27,0.9785832102863923,18.940000534057617,4.182888240266649,72.61039855811903
2018-07-30,0.8284343161591522,19.420000076293945,4.244191349631192,74.71468629017983
2018-07-31,0.30789615270749104,18.329999923706055,4.654697652298171,62.89729083239748
2018-08-01,0.2774686234213739,18.479999542236328,4.530643300852353,63.747072109355344
2018-08-02,0.30716992397055326,18.790000915527344,4.453134854893598,65.50544210969088
2018-08-03,0.07142496117964069,18.489999771118164,4.468698064573818,62.35354311363424
2018-08-06,0.7730854508468309,19.43000030517578,4.309025318114524,67.61211036826933
2018-08-07,0.6909316759244591,19.559999465942383,4.204705922115517,68.27216650546563
2018-08-08,0.5652158357057986,19.579999923706055,4.086431562586747,68.37893883876893
2018-08-09,0.13476061868427372,19.100000381469727,4.125505534524699,62.907444783919686
2018-08-10,-0.0014983435313592856,19.059999465942383,4.074962491476805,62.45891447174803
2018-08-13,0.6339368219207386,19.729999542236328,3.9703652422520683,66.73692415750972
2018-08-14,0.7300658793380037,20.020000457763672,3.8652743155930382,68.414682416138
2018-08-15,0.2942549936008261,19.700000762939453,3.97380796151701,64.54593182496747
2018-08-16,-0.29296382058973325,19.329999923706055,4.0636029568413194,60.299967655197015
2018-08-17,0.3662672912321755,19.770000457763672,4.083180764814043,63.38461966945089
2018-08-20,0.5597676304289746,19.979999542236328,4.0126494087052595,64.79073566603508
2018-08-21,0.8393313030214525,20.399999618530273,3.845397411306001,67.48052219272861
2018-08-22,1.0198760316131283,20.899999618530273,3.7279545232404994,70.38140774067419
2018-08-23,1.1408707132422973,22.290000915527344,3.7008433816297788,76.62425122678158
2018-08-24,1.073889680540447,23.979999542236328,3.703661869786297,81.68012633923503
2018-08-27,0.9356286402518194,25.260000228881836,4.20365197731994,84.42739218612594
